[Inf. HP/MP/Stamina *]
58000000 06889050
58001000 00000040
58001000 000000B8
58001000 00000058
78000000 00000040
64000000 00000000 000003E7
58000000 06889050
58001000 00000040
58001000 000000B8
58001000 00000058
78000000 00000044
64000000 00000000 4479C000
58000000 06889050
58001000 00000040
58001000 000000B8
58001000 00000058
78000000 00000048
64000000 00000000 4479C000

[Inf. Coins1 *]
58000000 06889050
58001000 000000B8
58001000 00000060
58001000 00000078
78000000 00000054
64000000 00000000 3B9AC9FF

[Max. Exp. 1 *]
58000000 06889050
58001000 00000040
58001000 000000B8
58001000 00000058
78000000 00000014
64000000 00000000 3B9AC9FF

[Inf. Secondary Weapons*]
58000000 06889050
58001000 000000B8
58001000 00000060
58001000 00000078
58001000 00000038
58001000 00000018
78000000 00000030
64000000 00000000 000003E7
58000000 06889050
58001000 000000B8
58001000 00000060
58001000 00000078
58001000 00000038
58001000 00000018
78000000 0000003C
64000000 00000000 000003E7
58000000 06889050
58001000 000000B8
58001000 00000060
58001000 00000078
58001000 00000038
58001000 00000018
78000000 00000048
64000000 00000000 000003E7
58000000 06889050
58001000 000000B8
58001000 00000060
58001000 00000078
58001000 00000038
58001000 00000018
78000000 00000054
64000000 00000000 000003E7

[Inf. Skill Points *]
58000000 06889050
58001000 000000B8
58001000 00000058
78000000 00000018
64000000 00000000 00000063

