[MoonJump]
80000002
58000000 0521AD68
58001000 000000A0
58001000 00000000
58001000 00000020
58001000 00000040
58001000 00000090
78000000 00000020
64000000 00000000 41000000
20000000

[Unlimited Life]
58000000 05218380
58001000 000000A0
58001000 00000000
58001000 00000020
58001000 00000090
58001000 00000138
78000000 00000048
64000000 00000000 48000000

[Unlimited Magic]
58000000 05218380
58001000 000000A0
58001000 00000000
58001000 00000020
58001000 00000090
58001000 00000128
78000000 00000048
64000000 00000000 48000000

[Unlimited Holy Water Bottle]
58000000 05218380
58001000 000000A0
58001000 00000000
58001000 00000020
58001000 00000090
58001000 00000160
78000000 00000048
64000000 00000000 42800000

[points]
58000000 05218380
58001000 000000A0
58001000 00000000
58001000 00000020
58001000 00000090
58001000 00000190
78000000 00000048
64000000 00000000 4907A230

[Pray with No cooldown]
58000000 05218380
58001000 000000A0
58001000 00000000
58001000 00000020
58001000 000002E8
78000000 00000138
64000000 00000000 41200000

[Prayer Attack Speed]
58000000 05218380
58001000 000000A0
58001000 00000000
58001000 00000020
58001000 00000090
58001000 00000110
78000000 00000010
64000000 00000000 42800000

